# n initial | n final | Element | Number of lines 1 is alpha 2 is beta 3 is delta 4 is gamma 5 is epsilon
40 800 H 5 He 2 C 1 S 1
40 99022.96 191057.4 276745.8 356658.4 431303.0 99063.31 191135.3 99072.36 99075.19
41 92034.44 177722.8 257635.5 332280.1 402109.6 92071.94 177795.3 92080.35 92082.98
42 85688.39 165601.1 240245.6 310075.2 375495.1 85723.31 165668.5 85731.14 85733.59
43 79912.66 154557.2 224386.8 289806.7 351180.7 79945.22 154620.2 79952.52 79954.81
44 74644.57 144474.1 209894.1 271268.0 328922.8 74674.98 144533.0 74681.81 74683.94
45 69829.56 135249.5 196623.4 254278.3 308508.5 69858.01 135304.6 69864.39 69866.39
46 65419.94 126793.9 184448.7 238679.0 289750.6 65446.60 126845.5 65452.58 65454.45
47 61373.94 119028.8 173259.0 224330.6 272484.2 61398.95 119077.3 61404.56 61406.31
48 57654.83 111885.1 162956.7 211110.3 256564.0 57678.32 111930.7 57683.59 57685.24
49 54230.25 105301.9 153455.5 198909.2 241861.2 54252.35 105344.8 54257.30 54258.85
50 51071.61 99225.21 144678.9 187630.9 228261.4 51092.43 99265.65 51097.09 51098.55
51 48153.60 93607.32 136559.3 177189.8 215663.2 48173.22 93645.47 48177.62 48179.00
52 45453.72 88405.69 129036.2 167509.6 203975.8 45472.24 88441.72 45476.40 45477.70
53 42951.97 83582.47 122055.8 158522.1 193118.5 42969.47 83616.53 42973.40 42974.63
54 40630.50 79103.86 115570.1 150166.5 183018.7 40647.06 79136.09 40650.77 40651.93
55 38473.36 74939.62 109536.0 142388.2 173611.5 38489.04 74970.16 38492.55 38493.65
56 36466.26 71062.65 103914.8 135138.2 164838.5 36481.12 71091.60 36484.45 36485.50
57 34596.38 67448.58 98671.90 128372.3 156647.1 34610.48 67476.07 34613.64 34614.63
58 32852.20 64075.51 93775.88 122050.7 148989.9 32865.58 64101.62 32868.59 32869.53
59 31223.32 60923.68 89198.55 116137.7 141824.0 31236.04 60948.50 31238.89 31239.78
60 29700.36 57975.24 84914.40 110600.7 135110.6 29712.47 57998.86 29715.18 29716.03
61 28274.87 55214.04 80900.32 105410.2 128814.5 28286.39 55236.53 28288.98 28289.78
62 26939.16 52625.45 77135.35 100539.6 122903.8 26950.14 52646.89 26952.60 26953.37
63 25686.28 50196.19 73600.47 95964.63 117349.4 25696.75 50216.64 25699.10 25699.83
64 24509.90 47914.18 70278.35 91663.14 112124.9 24519.89 47933.71 24522.13 24522.83
65 23404.28 45768.45 67153.23 87615.00 107206.1 23413.82 45787.10 23415.96 23416.62
66 22364.17 43748.95 64210.72 83801.83 102571.0 22373.28 43766.78 22375.32 22375.96
67 21384.79 41846.55 61437.67 80206.83 98199.39 21393.50 41863.61 21395.45 21396.07
68 20461.77 40052.88 58822.04 76814.60 94072.82 20470.10 40069.20 20471.97 20472.56
69 19591.11 38360.28 56352.83 73611.05 90174.34 19599.10 38375.91 19600.89 19601.45
70 18769.16 36761.72 54019.94 70583.23 86488.42 18776.81 36776.70 18778.53 18779.06
71 17992.56 35250.77 51814.07 67719.26 83000.75 17999.89 35265.14 18001.53 18002.05
72 17258.21 33821.51 49726.70 65008.19 79698.18 17265.25 33835.29 17266.82 17267.32
73 16563.30 32468.49 47749.98 62439.97 76568.58 16570.04 32481.72 16571.56 16572.03
74 15905.19 31186.68 45876.67 60005.29 73600.78 15911.67 31199.39 15913.13 15913.58
75 15281.49 29971.48 44100.10 57695.58 70784.44 15287.72 29983.69 15289.12 15289.55
76 14689.99 28818.60 42414.09 55502.94 68110.02 14695.97 28830.34 14697.31 14697.73
77 14128.62 27724.11 40812.96 53420.03 65568.70 14134.37 27735.40 14135.66 14136.07
78 13595.49 26684.34 39291.42 51440.08 63152.28 13601.03 26695.21 13602.27 13602.66
79 13088.85 25695.93 37844.59 49556.80 60853.20 13094.19 25706.40 13095.38 13095.76
80 12607.08 24755.74 36467.94 47764.35 58664.41 12612.22 24765.83 12613.37 12613.73
81 12148.66 23860.87 35157.27 46057.33 56579.37 12153.61 23870.59 12154.72 12155.07
82 11712.20 23008.61 33908.67 44430.71 54592.01 11716.98 23017.99 11718.05 11718.38
83 11296.41 22196.47 32718.50 42879.80 52696.67 11301.01 22205.51 11302.04 11302.36
84 10900.06 21422.10 31583.40 41400.26 50888.08 10904.50 21430.83 10905.50 10905.81
85 10522.04 20683.34 30500.20 39988.02 49161.35 10526.33 20691.77 10527.29 10527.59
86 10161.30 19978.16 29465.98 38639.31 47511.87 10165.44 19986.30 10166.37 10166.66
87 9816.864 19304.68 28478.01 37350.57 45935.39 9820.864 19312.55 9821.761 9822.042
88 9487.821 18661.14 27533.71 36118.53 44427.91 9491.687 18668.75 9492.554 9492.825
89 9173.321 18045.89 26630.71 34940.09 42985.69 9177.059 18053.24 9177.897 9178.159
90 8872.568 17457.39 25766.77 33812.37 41605.24 8876.184 17464.50 8876.995 8877.248
91 8584.821 16894.20 24939.81 32732.68 40283.29 8588.319 16901.09 8589.103 8589.349
92 8309.382 16354.99 24147.86 31698.47 39016.77 8312.768 16361.65 8313.528 8313.765
93 8045.603 15838.47 23389.09 30707.38 37802.79 8048.881 15844.93 8049.616 8049.846
94 7792.871 15343.48 22661.78 29757.19 36638.68 7796.046 15349.74 7796.758 7796.981
95 7550.614 14868.91 21964.32 28845.81 35521.88 7553.691 14874.97 7554.381 7554.596
96 7318.296 14413.71 21295.19 27971.27 34450.03 7321.278 14419.58 7321.947 7322.156
97 7095.411 13976.90 20652.97 27131.73 33420.88 7098.302 13982.59 7098.951 7099.154
98 6881.486 13557.56 20036.32 26325.47 32432.32 6884.291 13563.09 6884.919 6885.116
99 6676.076 13154.84 19443.98 25550.83 31482.38 6678.796 13160.20 6679.406 6679.597
100 6478.760 12767.90 18874.76 24806.30 30569.18 6481.400 12773.11 6481.992 6482.177
101 6289.144 12396.00 18327.54 24090.42 29690.97 6291.706 12401.05 6292.281 6292.461
102 6106.855 12038.40 17801.28 23401.83 28846.09 6109.344 12043.31 6109.902 6110.077
103 5931.544 11694.42 17294.97 22739.24 28032.97 5933.962 11699.19 5934.504 5934.673
104 5762.880 11363.43 16807.69 22101.42 27250.13 5765.228 11368.06 5765.755 5765.920
105 5600.550 11044.81 16338.54 21487.25 26496.17 5602.832 11049.31 5603.344 5603.504
106 5444.260 10737.99 15886.70 20895.62 25769.77 5446.479 10742.37 5446.976 5447.132
107 5293.732 10442.43 15451.36 20325.51 25069.70 5295.889 10446.69 5296.373 5296.524
108 5148.703 10157.63 15031.78 19775.97 24394.75 5150.801 10161.76 5151.271 5151.418
109 5008.923 9883.080 14627.26 19246.05 23743.83 5010.964 9887.107 5011.421 5011.565
110 4874.157 9618.340 14237.13 18734.91 23115.86 4876.143 9622.259 4876.589 4876.728
111 4744.183 9362.972 13860.75 18241.70 22509.84 4746.116 9366.788 4746.550 4746.685
112 4618.789 9116.566 13497.52 17765.66 21924.83 4620.671 9120.280 4621.094 4621.226
113 4497.776 8878.730 13146.87 17306.04 21359.92 4499.609 8882.348 4500.020 4500.149
114 4380.954 8649.096 12808.27 16862.15 20814.26 4382.739 8652.621 4383.139 4383.265
115 4268.142 8427.314 12481.19 16433.30 20287.02 4269.882 8430.748 4270.272 4270.394
116 4159.171 8213.049 12165.16 16018.88 19777.45 4160.866 8216.396 4161.246 4161.365
117 4053.878 8005.988 11859.71 15618.27 19284.80 4055.530 8009.250 4055.901 4056.016
118 3952.110 7805.829 11564.40 15230.92 18808.38 3953.720 7809.010 3954.081 3954.194
119 3853.719 7612.287 11278.81 14856.27 18347.53 3855.289 7615.389 3855.642 3855.752
120 3758.568 7425.091 11002.55 14493.81 17901.61 3760.099 7428.117 3760.443 3760.550
121 3666.523 7243.983 10735.24 14143.04 17470.03 3668.017 7246.935 3668.352 3668.457
122 3577.460 7068.718 10476.52 13803.51 17052.22 3578.918 7071.598 3579.245 3579.347
123 3491.258 6899.061 10226.05 13474.76 16647.62 3492.681 6901.873 3493.000 3493.099
124 3407.803 6734.791 9983.498 13156.36 16255.72 3409.192 6737.535 3409.503 3409.601
125 3326.988 6575.695 9748.558 12847.92 15876.03 3328.343 6578.374 3328.647 3328.742
126 3248.707 6421.571 9520.933 12549.05 15508.08 3250.031 6424.187 3250.328 3250.421
127 3172.863 6272.226 9300.340 12259.37 15151.41 3174.156 6274.781 3174.446 3174.537
128 3099.362 6127.476 9086.509 11978.55 14805.59 3100.625 6129.973 3100.908 3100.997
129 3028.114 5987.147 8879.184 11706.23 14470.23 3029.348 5989.586 3029.625 3029.711
130 2959.033 5851.070 8678.119 11442.11 14144.91 2960.239 5853.454 2960.509 2960.594
131 2892.037 5719.086 8483.079 11185.88 13829.28 2893.216 5721.416 2893.480 2893.563
132 2827.049 5591.042 8293.841 10937.24 13522.96 2828.201 5593.320 2828.459 2828.540
133 2763.993 5466.792 8110.190 10695.91 13225.63 2765.119 5469.020 2765.372 2765.451
134 2702.799 5346.197 7931.921 10461.64 12936.95 2703.900 5348.375 2704.147 2704.224
135 2643.398 5229.122 7758.839 10234.16 12656.62 2644.475 5231.253 2644.716 2644.792
136 2585.725 5115.442 7590.757 10013.22 12384.32 2586.778 5117.526 2587.015 2587.088
137 2529.717 5005.033 7427.495 9798.599 12119.79 2530.748 5007.072 2530.979 2531.051
138 2475.316 4897.778 7268.882 9590.069 11862.73 2476.324 4899.774 2476.550 2476.621
139 2422.463 4793.567 7114.754 9387.415 11612.89 2423.450 4795.520 2423.671 2423.740
140 2371.104 4692.291 6964.952 9190.430 11370.02 2372.070 4694.203 2372.287 2372.355
141 2321.187 4593.848 6819.326 8998.920 11133.88 2322.133 4595.720 2322.345 2322.411
142 2272.661 4498.140 6677.733 8812.693 10904.23 2273.587 4499.973 2273.795 2273.860
143 2225.479 4405.072 6540.032 8631.570 10680.86 2226.385 4406.867 2226.589 2226.652
144 2179.593 4314.554 6406.092 8455.378 10463.54 2180.481 4316.312 2180.680 2180.743
145 2134.961 4226.499 6275.784 8283.948 10252.08 2135.830 4228.221 2136.026 2136.087
146 2091.538 4140.824 6148.987 8117.122 10046.28 2092.391 4142.511 2092.582 2092.641
147 2049.286 4057.449 6025.583 7954.745 9845.957 2050.121 4059.102 2050.308 2050.367
148 2008.163 3976.298 5905.459 7796.671 9650.921 2008.982 3977.918 2009.165 2009.223
149 1968.134 3897.296 5788.508 7642.758 9461.004 1968.936 3898.884 1969.116 1969.172
150 1929.162 3820.373 5674.624 7492.870 9276.038 1929.948 3821.930 1930.124 1930.179
151 1891.212 3745.462 5563.708 7346.876 9095.862 1891.982 3746.988 1892.155 1892.209
152 1854.250 3672.496 5455.664 7204.650 8920.323 1855.006 3673.993 1855.175 1855.228
153 1818.246 3601.414 5350.400 7066.073 8749.272 1818.987 3602.881 1819.153 1819.205
154 1783.168 3532.154 5247.827 6931.026 8582.567 1783.894 3533.593 1784.057 1784.108
155 1748.986 3464.659 5147.858 6799.400 8420.071 1749.699 3466.071 1749.859 1749.909
156 1715.673 3398.872 5050.414 6671.085 8261.652 1716.372 3400.257 1716.528 1716.578
157 1683.200 3334.741 4955.413 6545.979 8107.182 1683.886 3336.100 1684.039 1684.088
158 1651.541 3272.213 4862.780 6423.982 7956.540 1652.214 3273.546 1652.365 1652.412
159 1620.672 3211.238 4772.441 6304.998 7809.607 1621.332 3212.547 1621.480 1621.527
160 1590.567 3151.769 4684.327 6188.935 7666.270 1591.215 3153.054 1591.360 1591.406
161 1561.203 3093.760 4598.368 6075.703 7526.419 1561.839 3095.021 1561.982 1562.026
162 1532.557 3037.165 4514.500 5965.216 7389.950 1533.182 3038.403 1533.322 1533.366
163 1504.608 2981.943 4432.659 5857.393 7256.761 1505.221 2983.158 1505.359 1505.402
164 1477.335 2928.051 4352.785 5752.152 7126.753 1477.937 2929.244 1478.072 1478.114
165 1450.716 2875.450 4274.818 5649.418 6999.833 1451.307 2876.622 1451.440 1451.482
166 1424.734 2824.101 4198.702 5549.116 6875.908 1425.314 2825.252 1425.444 1425.485
167 1399.368 2773.968 4124.383 5451.175 6754.892 1399.938 2775.099 1400.066 1400.106
168 1374.601 2725.015 4051.807 5355.525 6636.700 1375.161 2726.125 1375.286 1375.326
169 1350.414 2677.206 3980.924 5262.100 6521.249 1350.965 2678.297 1351.088 1351.127
170 1326.792 2630.510 3911.685 5170.835 6408.461 1327.333 2631.582 1327.454 1327.492
171 1303.718 2584.893 3844.043 5081.669 6298.259 1304.249 2585.946 1304.368 1304.405
172 1281.175 2540.325 3777.951 4994.541 6190.569 1281.697 2541.360 1281.814 1281.851
173 1259.150 2496.776 3713.366 4909.394 6085.321 1259.663 2497.793 1259.778 1259.814
174 1237.626 2454.216 3650.244 4826.171 5982.445 1238.130 2455.216 1238.243 1238.279
175 1216.590 2412.618 3588.545 4744.819 5881.875 1217.086 2413.601 1217.197 1217.232
176 1196.028 2371.955 3528.229 4665.285 5783.548 1196.516 2372.922 1196.625 1196.659
177 1175.927 2332.201 3469.257 4587.519 5687.399 1176.406 2333.151 1176.514 1176.547
178 1156.274 2293.330 3411.592 4511.472 5593.371 1156.745 2294.265 1156.851 1156.884
179 1137.056 2255.318 3355.198 4437.097 5501.403 1137.520 2256.237 1137.624 1137.656
180 1118.262 2218.142 3300.040 4364.347 5411.442 1118.718 2219.046 1118.820 1118.852
181 1099.880 2181.778 3246.085 4293.179 5323.431 1100.328 2182.667 1100.429 1100.460
182 1081.898 2146.205 3193.300 4223.551 5237.318 1082.339 2147.080 1082.438 1082.469
183 1064.307 2111.401 3141.652 4155.420 5153.053 1064.740 2112.262 1064.838 1064.868
184 1047.094 2077.346 3091.113 4088.746 5070.586 1047.521 2078.192 1047.617 1047.647
185 1030.251 2044.019 3041.652 4023.492 4989.870 1030.671 2044.851 1030.765 1030.795
186 1013.767 2011.401 2993.240 3959.618 4910.857 1014.180 2012.220 1014.273 1014.302
187 997.6333 1979.473 2945.851 3897.090 4833.504 998.0398 1980.280 998.1310 998.1595
188 981.8398 1948.218 2899.457 3835.871 4757.768 982.2399 1949.012 982.3296 982.3576
189 966.3779 1917.617 2854.031 3775.928 4683.605 966.7717 1918.398 966.8600 966.8876
190 951.2389 1887.653 2809.550 3717.227 4610.976 951.6265 1888.423 951.7135 951.7407
191 936.4146 1858.311 2765.988 3659.737 4539.841 936.7961 1859.068 936.8817 936.9085
192 921.8966 1829.574 2723.323 3603.427 4470.162 922.2723 1830.319 922.3565 922.3829
193 907.6773 1801.426 2681.530 3548.265 4401.902 908.0471 1802.160 908.1301 908.1560
194 893.7488 1773.853 2640.588 3494.224 4335.024 894.1130 1774.576 894.1947 894.2203
195 880.1039 1746.839 2600.476 3441.275 4269.495 880.4626 1747.551 880.5430 880.5682
196 866.7354 1720.372 2561.171 3389.391 4205.279 867.0886 1721.073 867.1678 867.1925
197 853.6362 1694.436 2522.655 3338.544 4142.345 853.9841 1695.126 854.0621 854.0865
198 840.7997 1669.019 2484.908 3288.709 4080.661 841.1423 1669.699 841.2192 841.2432
199 828.2193 1644.108 2447.909 3239.861 4020.195 828.5567 1644.778 828.6324 828.6561
200 815.8886 1619.690 2411.642 3191.976 3960.918 816.2210 1620.350 816.2956 816.3189
201 803.8014 1595.753 2376.087 3145.030 3902.801 804.1290 1596.404 804.2024 804.2254
202 791.9519 1572.286 2341.228 3099.000 3845.816 792.2746 1572.927 792.3469 792.3696
203 780.3341 1549.277 2307.048 3053.864 3789.934 780.6521 1549.908 780.7234 780.7457
204 768.9424 1526.714 2273.530 3009.600 3735.130 769.2558 1527.336 769.3260 769.3480
205 757.7714 1504.587 2240.658 2966.188 3681.378 758.0802 1505.200 758.1495 758.1711
206 746.8158 1482.886 2208.416 2923.606 3628.652 747.1201 1483.490 747.1884 747.2097
207 736.0703 1461.600 2176.790 2881.836 3576.928 736.3703 1462.196 736.4375 736.4586
208 725.5300 1440.720 2145.766 2840.858 3526.183 725.8257 1441.307 725.8920 725.9127
209 715.1900 1420.236 2115.328 2800.653 3476.393 715.4814 1420.814 715.5468 715.5672
210 705.0455 1400.138 2085.463 2761.203 3427.536 705.3328 1400.708 705.3973 705.4174
211 695.0920 1380.417 2056.157 2722.490 3379.590 695.3753 1380.980 695.4388 695.4587
212 685.3250 1361.065 2027.398 2684.498 3332.535 685.6043 1361.620 685.6669 685.6865
213 675.7401 1342.073 1999.173 2647.210 3286.349 676.0155 1342.620 676.0772 676.0965
214 666.3331 1323.433 1971.470 2610.609 3241.012 666.6046 1323.972 666.6655 666.6846
215 657.0999 1305.136 1944.276 2574.679 3196.506 657.3677 1305.668 657.4277 657.4465
216 648.0365 1287.176 1917.579 2539.406 3152.811 648.3006 1287.700 648.3598 648.3784
217 639.1391 1269.543 1891.370 2504.775 3109.909 639.3995 1270.060 639.4579 639.4762
218 630.4038 1252.231 1865.636 2470.770 3067.782 630.6606 1252.741 630.7183 630.7363
219 621.8269 1235.232 1840.366 2437.378 3026.412 622.0803 1235.735 622.1371 622.1549
220 613.4049 1218.539 1815.551 2404.585 2985.783 613.6549 1219.036 613.7109 613.7285
221 605.1343 1202.146 1791.180 2372.378 2945.877 605.3809 1202.636 605.4362 605.4535
222 597.0118 1186.046 1767.243 2340.743 2906.680 597.2551 1186.529 597.3096 597.3267
223 589.0340 1170.232 1743.731 2309.668 2868.175 589.2740 1170.708 589.3278 589.3446
224 581.1976 1154.697 1720.634 2279.141 2830.348 581.4345 1155.168 581.4876 581.5042
225 573.4997 1139.437 1697.944 2249.150 2793.182 573.7334 1139.901 573.7858 573.8022
226 565.9371 1124.444 1675.650 2219.682 2756.665 566.1677 1124.902 566.2195 566.2356
227 558.5069 1109.713 1653.745 2190.728 2720.781 558.7345 1110.165 558.7856 558.8015
228 551.2062 1095.238 1632.221 2162.274 2685.517 551.4308 1095.685 551.4812 551.4970
229 544.0322 1081.014 1611.068 2134.311 2650.861 544.2539 1081.455 544.3036 544.3192
230 536.9822 1067.036 1590.279 2106.828 2616.798 537.2010 1067.470 537.2501 537.2654
231 530.0534 1053.297 1569.846 2079.815 2583.316 530.2694 1053.726 530.3178 530.3330
232 523.2433 1039.793 1549.762 2053.262 2550.403 523.4566 1040.216 523.5044 523.5193
233 516.5494 1026.519 1530.019 2027.159 2518.046 516.7599 1026.937 516.8071 516.8219
234 509.9692 1013.470 1510.610 2001.497 2486.235 510.1770 1013.883 510.2236 510.2382
235 503.5003 1000.641 1491.528 1976.266 2454.958 503.7055 1001.048 503.7515 503.7659
236 497.1404 988.0274 1472.766 1951.457 2424.202 497.3429 988.4300 497.3884 497.4026
237 490.8871 975.6252 1454.317 1927.062 2393.959 491.0871 976.0228 491.1319 491.1460
238 484.7382 963.4298 1436.175 1903.072 2364.216 484.9357 963.8224 484.9800 484.9939
239 478.6916 951.4367 1418.334 1879.478 2334.964 478.8867 951.8244 478.9304 478.9441
240 472.7452 939.6419 1400.786 1856.273 2306.193 472.9378 940.0248 472.9810 472.9945
241 466.8968 928.0413 1383.528 1833.448 2277.893 467.0870 928.4195 467.1297 467.1431
242 461.1445 916.6308 1366.551 1810.996 2250.053 461.3324 917.0043 461.3746 461.3877
243 455.4863 905.4066 1349.851 1788.909 2222.666 455.6719 905.7756 455.7135 455.7266
244 449.9203 894.3650 1333.422 1767.179 2195.721 450.1037 894.7294 450.1448 450.1576
245 444.4447 883.5021 1317.259 1745.801 2169.210 444.6258 883.8621 444.6664 444.6791
246 439.0575 872.8145 1301.356 1724.765 2143.124 439.2364 873.1701 439.2765 439.2891
247 433.7570 862.2985 1285.708 1704.067 2117.455 433.9338 862.6499 433.9734 433.9858
248 428.5415 851.9508 1270.310 1683.698 2092.194 428.7161 852.2980 428.7553 428.7676
249 423.4093 841.7680 1255.156 1663.652 2067.333 423.5818 842.1111 423.6205 423.6326
250 418.3587 831.7469 1240.243 1643.924 2042.865 418.5292 832.0858 418.5674 418.5794
251 413.3882 821.8842 1225.565 1624.506 2018.781 413.5566 822.2191 413.5944 413.6062
252 408.4960 812.1768 1211.118 1605.393 1995.074 408.6625 812.5077 408.6998 408.7115
253 403.6808 802.6217 1196.897 1586.578 1971.737 403.8453 802.9487 403.8822 403.8937
254 398.9409 793.2158 1182.897 1568.056 1948.763 399.1035 793.5391 399.1399 399.1513
255 394.2749 783.9564 1169.116 1549.822 1926.144 394.4356 784.2759 394.4716 394.4829
256 389.6815 774.8406 1155.547 1531.869 1903.874 389.8403 775.1563 389.8759 389.8870
257 385.1591 765.8655 1142.188 1514.192 1881.946 385.3160 766.1776 385.3512 385.3622
258 380.7064 757.0285 1129.033 1496.787 1860.353 380.8615 757.3370 380.8963 380.9072
259 376.3221 748.3269 1116.080 1479.647 1839.090 376.4754 748.6319 376.5098 376.5206
260 372.0048 739.7582 1103.325 1462.768 1818.149 372.1564 740.0597 372.1904 372.2011
261 367.7534 731.3198 1090.763 1446.144 1797.525 367.9032 731.6178 367.9368 367.9473
262 363.5664 723.0093 1078.391 1429.771 1777.212 363.7146 723.3039 363.7478 363.7582
263 359.4428 714.8242 1066.205 1413.645 1757.203 359.5893 715.1155 359.6222 359.6324
264 355.3814 706.7622 1054.202 1397.760 1737.494 355.5262 707.0502 355.5587 355.5688
265 351.3808 698.8210 1042.379 1382.113 1718.079 351.5240 699.1057 351.5561 351.5662
266 347.4401 690.9983 1030.732 1366.698 1698.952 347.5817 691.2799 347.6135 347.6234
267 343.5581 683.2919 1019.258 1351.511 1680.107 343.6981 683.5703 343.7295 343.7394
268 339.7338 675.6997 1007.953 1336.549 1661.541 339.8722 675.9750 339.9033 339.9130
269 335.9659 668.2196 996.8154 1321.807 1643.247 336.1028 668.4919 336.1335 336.1431
270 332.2536 660.8494 985.8409 1307.281 1625.220 332.3890 661.1187 332.4194 332.4289
271 328.5958 653.5873 975.0270 1292.966 1607.456 328.7297 653.8536 328.7597 328.7691
272 324.9915 646.4312 964.3706 1278.860 1589.950 325.1239 646.6946 325.1536 325.1629
273 321.4397 639.3791 953.8690 1264.959 1572.698 321.5707 639.6397 321.6000 321.6092
274 317.9394 632.4293 943.5192 1251.258 1555.694 318.0690 632.6870 318.0981 318.1071
275 314.4898 625.5798 933.3187 1237.755 1538.934 314.6180 625.8347 314.6467 314.6557
276 311.0900 618.8289 923.2647 1224.445 1522.415 311.2167 619.0811 311.2452 311.2541
277 307.7389 612.1748 913.3546 1211.325 1506.131 307.8643 612.4242 307.8924 307.9012
278 304.4358 605.6157 903.5858 1198.392 1490.078 304.5599 605.8625 304.5877 304.5964
279 301.1799 599.1500 893.9558 1185.642 1474.253 301.3026 599.3941 301.3301 301.3387
280 297.9701 592.7760 884.4622 1173.073 1458.650 298.0916 593.0175 298.1188 298.1273
281 294.8059 586.4921 875.1026 1160.680 1443.268 294.9260 586.7311 294.9529 294.9614
282 291.6862 580.2967 865.8745 1148.462 1428.101 291.8051 580.5332 291.8318 291.8401
283 288.6105 574.1883 856.7757 1136.414 1413.145 288.7281 574.4222 288.7545 288.7627
284 285.5778 568.1653 847.8040 1124.535 1398.398 285.6942 568.3968 285.7203 285.7284
285 282.5875 562.2262 838.9571 1112.820 1383.855 282.7026 562.4553 282.7284 282.7365
286 279.6387 556.3696 830.2329 1101.268 1369.514 279.7527 556.5963 279.7782 279.7862
287 276.7309 550.5941 821.6292 1089.875 1355.369 276.8437 550.8185 276.8690 276.8769
288 273.8632 544.8983 813.1440 1078.638 1341.419 273.9748 545.1203 273.9999 274.0077
289 271.0350 539.2807 804.7752 1067.556 1327.660 271.1455 539.5005 271.1703 271.1780
290 268.2457 533.7401 796.5208 1056.625 1314.088 268.3550 533.9576 268.3795 268.3872
291 265.4945 528.2752 788.3790 1045.842 1300.700 265.6026 528.4904 265.6269 265.6345
292 262.7807 522.8846 780.3478 1035.206 1287.494 262.8878 523.0976 262.9118 262.9193
293 260.1038 517.5671 772.4252 1024.713 1274.466 260.2098 517.7780 260.2336 260.2410
294 257.4632 512.3214 764.6096 1014.362 1261.613 257.5681 512.5302 257.5917 257.5990
295 254.8582 507.1464 756.8991 1004.150 1248.933 254.9620 507.3531 254.9853 254.9926
296 252.2882 502.0409 749.2918 994.0744 1236.421 252.3910 502.2454 252.4141 252.4213
297 249.7527 497.0036 741.7862 984.1331 1224.077 249.8544 497.2061 249.8773 249.8844
298 247.2510 492.0335 734.3805 974.3240 1211.896 247.3517 492.2340 247.3743 247.3814
299 244.7826 487.1295 727.0730 964.6448 1199.876 244.8823 487.3280 244.9047 244.9117
300 242.3469 482.2905 719.8622 955.0934 1188.015 242.4457 482.4870 242.4678 242.4748
301 239.9435 477.5153 712.7464 945.6676 1176.309 240.0413 477.7098 240.0632 240.0701
302 237.5718 472.8029 705.7241 936.3655 1164.757 237.6686 472.9956 237.6903 237.6971
303 235.2312 468.1524 698.7937 927.1850 1153.355 235.3270 468.3431 235.3485 235.3552
304 232.9212 463.5626 691.9538 918.1241 1142.102 233.0161 463.7515 233.0374 233.0441
305 230.6414 459.0326 685.2029 909.1809 1130.995 230.7354 459.2197 230.7565 230.7630
306 228.3912 454.5615 678.5395 900.3535 1120.031 228.4843 454.7467 228.5052 228.5117
307 226.1703 450.1483 671.9622 891.6399 1109.209 226.2624 450.3317 226.2831 226.2896
308 223.9780 445.7920 665.4697 883.0385 1098.525 224.0693 445.9736 224.0897 224.0961
309 221.8140 441.4917 659.0605 874.5473 1087.979 221.9043 441.6716 221.9246 221.9310
310 219.6777 437.2465 652.7334 866.1647 1077.567 219.7672 437.4247 219.7873 219.7936
311 217.5688 433.0556 646.4870 857.8888 1067.287 217.6575 433.2321 217.6774 217.6836
312 215.4868 428.9181 640.3200 849.7181 1057.138 215.5746 429.0929 215.5943 215.6005
313 213.4313 424.8332 634.2312 841.6508 1047.117 213.5183 425.0063 213.5378 213.5439
314 211.4019 420.7999 628.2194 833.6852 1037.222 211.4880 420.9714 211.5073 211.5134
315 209.3981 416.8176 622.2834 825.8199 1027.451 209.4834 416.9874 209.5025 209.5085
316 207.4195 412.8853 616.4218 818.0532 1017.803 207.5040 413.0535 207.5230 207.5289
317 205.4658 409.0023 610.6337 810.3836 1008.275 205.5495 409.1690 205.5683 205.5742
318 203.5365 405.1679 604.9178 802.8096 998.8662 203.6195 405.3330 203.6381 203.6439
319 201.6314 401.3813 599.2731 795.3297 989.5737 201.7135 401.5448 201.7320 201.7377
320 199.7499 397.6417 593.6983 787.9424 980.3962 199.8313 397.8037 199.8496 199.8553
321 197.8918 393.9484 588.1925 780.6463 971.3318 197.9724 394.1089 197.9905 197.9962
322 196.0566 390.3007 582.7545 773.4400 962.3788 196.1365 390.4597 196.1544 196.1600
323 194.2441 386.6979 577.3834 766.3221 953.5354 194.3232 386.8555 194.3410 194.3465
324 192.4538 383.1393 572.0781 759.2914 944.8001 192.5322 383.2954 192.5498 192.5553
325 190.6855 379.6242 566.8375 752.3463 936.1712 190.7632 379.7789 190.7806 190.7861
326 188.9388 376.1520 561.6608 745.4857 927.6470 189.0157 376.3053 189.0330 189.0384
327 187.2133 372.7221 556.5470 738.7083 919.2260 187.2896 372.8739 187.3067 187.3120
328 185.5088 369.3337 551.4950 732.0128 910.9067 185.5844 369.4842 185.6013 185.6066
329 183.8249 365.9862 546.5040 725.3979 902.6874 183.8998 366.1353 183.9166 183.9218
330 182.1613 362.6791 541.5730 718.8625 894.5667 182.2355 362.8269 182.2522 182.2574
331 180.5178 359.4117 536.7012 712.4054 886.5431 180.5913 359.5581 180.6078 180.6130
332 178.8939 356.1834 531.8876 706.0254 878.6152 178.9668 356.3286 178.9832 178.9883
333 177.2895 352.9937 527.1314 699.7213 870.7816 177.3617 353.1375 177.3779 177.3830
334 175.7042 349.8419 522.4318 693.4921 863.0408 175.7758 349.9845 175.7919 175.7969
335 174.1377 346.7276 517.7879 687.3366 855.3914 174.2087 346.8689 174.2246 174.2296
336 172.5899 343.6501 513.1988 681.2537 847.8323 172.6602 343.7902 172.6760 172.6809
337 171.0603 340.6090 508.6638 675.2424 840.3619 171.1300 340.7478 171.1456 171.1505
338 169.5487 337.6036 504.1821 669.3016 832.9790 169.6178 337.7411 169.6333 169.6381
339 168.0549 334.6334 499.7529 663.4303 825.6823 168.1234 334.7698 168.1387 168.1435
340 166.5786 331.6980 495.3754 657.6275 818.4707 166.6464 331.8332 166.6617 166.6664
341 165.1195 328.7969 491.0489 651.8921 811.3428 165.1868 328.9308 165.2019 165.2066
342 163.6774 325.9294 486.7726 646.2233 804.2974 163.7441 326.0623 163.7590 163.7637
343 162.2520 323.0953 482.5459 640.6200 797.3333 162.3182 323.2269 162.3330 162.3376
344 160.8432 320.2938 478.3679 635.0812 790.4494 160.9087 320.4243 160.9234 160.9280
345 159.4506 317.5247 474.2380 629.6062 783.6445 159.5156 317.6541 159.5302 159.5347
346 158.0741 314.7874 470.1556 624.1939 776.9175 158.1385 314.9157 158.1529 158.1575
347 156.7133 312.0815 466.1198 618.8435 770.2673 156.7772 312.2087 156.7915 156.7960
348 155.3682 309.4065 462.1301 613.5540 763.6928 155.4315 309.5326 155.4457 155.4501
349 154.0383 306.7620 458.1858 608.3246 757.1929 154.1011 306.8870 154.1152 154.1196
350 152.7236 304.1475 454.2863 603.1546 750.7665 152.7859 304.2714 152.7998 152.8042
351 151.4239 301.5627 450.4309 598.0429 744.4127 151.4856 301.6856 151.4994 151.5037
352 150.1388 299.0070 446.6190 592.9888 738.1303 150.2000 299.1289 150.2137 150.2180
353 148.8682 296.4802 442.8500 587.9915 731.9185 148.9289 296.6010 148.9425 148.9468
354 147.6120 293.9818 439.1233 583.0502 725.7761 147.6721 294.1016 147.6856 147.6898
355 146.3698 291.5113 435.4383 578.1642 719.7023 146.4294 291.6301 146.4428 146.4470
356 145.1415 289.0685 431.7944 573.3325 713.6961 145.2007 289.1863 145.2139 145.2181
357 143.9270 286.6528 428.1910 568.5546 707.7565 143.9856 286.7697 143.9988 144.0029
358 142.7259 284.2641 424.6276 563.8296 701.8827 142.7841 284.3799 142.7971 142.8012
359 141.5382 281.9017 421.1037 559.1568 696.0737 141.5958 282.0166 141.6088 141.6128
360 140.3636 279.5655 417.6186 554.5355 690.3286 140.4208 279.6795 140.4336 140.4376
361 139.2020 277.2551 414.1719 549.9650 684.6465 139.2587 277.3680 139.2714 139.2754
362 138.0531 274.9700 410.7631 545.4446 679.0267 138.1094 275.0820 138.1220 138.1259
363 136.9169 272.7099 407.3915 540.9736 673.4682 136.9727 272.8211 136.9852 136.9891
364 135.7931 270.4746 404.0567 536.5513 667.9701 135.8484 270.5848 135.8608 135.8647
365 134.6815 268.2636 400.7582 532.1771 662.5318 134.7364 268.3729 134.7487 134.7526
366 133.5821 266.0767 397.4955 527.8503 657.1524 133.6365 266.1851 133.6487 133.6526
367 132.4946 263.9134 394.2682 523.5703 651.8310 132.5486 264.0210 132.5607 132.5645
368 131.4189 261.7736 391.0757 519.3364 646.5669 131.4724 261.8803 131.4844 131.4882
369 130.3547 259.6568 387.9175 515.1481 641.3594 130.4079 259.7626 130.4198 130.4235
370 129.3021 257.5628 384.7933 511.0046 636.2076 129.3548 257.6678 129.3666 129.3703
371 128.2607 255.4912 381.7026 506.9055 631.1109 128.3130 255.5954 128.3247 128.3284
372 127.2305 253.4418 378.6448 502.8502 626.0684 127.2824 253.5451 127.2940 127.2976
373 126.2113 251.4143 375.6196 498.8379 621.0796 126.2627 251.5167 126.2743 126.2779
374 125.2030 249.4083 372.6266 494.8683 616.1436 125.2540 249.5100 125.2654 125.2690
375 124.2053 247.4236 369.6653 490.9406 611.2598 124.2560 247.5245 124.2673 124.2709
376 123.2183 245.4599 366.7353 487.0544 606.4274 123.2685 245.5600 123.2798 123.2833
377 122.2417 243.5170 363.8361 483.2091 601.6459 122.2915 243.6162 122.3026 122.3061
378 121.2753 241.5945 360.9675 479.4042 596.9144 121.3247 241.6929 121.3358 121.3393
379 120.3191 239.6921 358.1289 475.6391 592.2325 120.3682 239.7898 120.3792 120.3826
380 119.3730 237.8097 355.3200 471.9134 587.5994 119.4216 237.9066 119.4325 119.4360
381 118.4367 235.9470 352.5404 468.2264 583.0145 118.4850 236.0431 118.4958 118.4992
382 117.5102 234.1036 349.7897 464.5778 578.4772 117.5581 234.1990 117.5689 117.5722
383 116.5934 232.2794 347.0676 460.9670 573.9869 116.6409 232.3741 116.6516 116.6549
384 115.6861 230.4742 344.3736 457.3935 569.5429 115.7332 230.5681 115.7438 115.7471
385 114.7881 228.6875 341.7074 453.8568 565.1446 114.8349 228.7807 114.8454 114.8486
386 113.8994 226.9193 339.0687 450.3565 560.7916 113.9458 227.0118 113.9562 113.9595
387 113.0199 225.1693 336.4571 446.8921 556.4831 113.0659 225.2610 113.0763 113.0795
388 112.1494 223.4372 333.8722 443.4632 552.2186 112.1951 223.5283 112.2053 112.2085
389 111.2878 221.7229 331.3138 440.0692 547.9976 111.3332 221.8132 111.3433 111.3465
390 110.4350 220.0260 328.7814 436.7098 543.8196 110.4800 220.1156 110.4901 110.4933
391 109.5909 218.3464 326.2748 433.3845 539.6839 109.6356 218.4354 109.6456 109.6488
392 108.7554 216.6838 323.7936 430.0929 535.5900 108.7998 216.7721 108.8097 108.8128
393 107.9284 215.0381 321.3375 426.8345 531.5374 107.9724 215.1258 107.9822 107.9853
394 107.1097 213.4091 318.9061 423.6090 527.5256 107.1534 213.4960 107.1632 107.1662
395 106.2993 211.7964 316.4992 420.4159 523.5541 106.3426 211.8827 106.3524 106.3554
396 105.4971 210.1999 314.1165 417.2547 519.6223 105.5401 210.2856 105.5497 105.5527
397 104.7029 208.6195 311.7577 414.1252 515.7298 104.7455 208.7045 104.7551 104.7581
398 103.9166 207.0548 309.4224 411.0270 511.8761 103.9590 207.1392 103.9684 103.9714
399 103.1382 205.5058 307.1103 407.9595 508.0607 103.1802 205.5895 103.1897 103.1926
400 102.3676 203.9721 304.8213 404.9225 504.2831 102.4093 204.0553 102.4186 102.4216
401 101.6046 202.4537 302.5549 401.9156 500.5429 101.6460 202.5362 101.6553 101.6582
402 100.8492 200.9504 300.3110 398.9383 496.8396 100.8902 201.0322 100.8995 100.9023
403 100.1012 199.4618 298.0892 395.9904 493.1727 100.1420 199.5431 100.1511 100.1540
404 99.36063 197.9880 295.8892 393.0715 489.5418 99.40111 198.0686 99.41019 99.41303
405 98.62734 196.5286 293.7109 390.1812 485.9465 98.66753 196.6087 98.67654 98.67936
406 97.90125 195.0835 291.5538 387.3191 482.3863 97.94114 195.1630 97.95009 97.95289
407 97.18227 193.6526 289.4179 384.4850 478.8607 97.22187 193.7315 97.23075 97.23353
408 96.47031 192.2356 287.3027 381.6785 475.3695 96.50962 192.3139 96.51844 96.52120
409 95.76529 190.8324 285.2082 378.8992 471.9121 95.80432 190.9102 95.81307 95.81581
410 95.06713 189.4429 283.1339 376.1468 468.4882 95.10587 189.5201 95.11455 95.11727
411 94.37573 188.0668 281.0797 373.4210 465.0973 94.41419 188.1434 94.42281 94.42551
412 93.69102 186.7039 279.0453 370.7215 461.7390 93.72920 186.7800 93.73776 93.74044
413 93.01292 185.3543 277.0305 368.0480 458.4130 93.05083 185.4298 93.05933 93.06198
414 92.34135 184.0176 275.0351 365.4001 455.1189 92.37898 184.0926 92.38742 92.39006
415 91.67623 182.6937 273.0587 362.7775 451.8562 91.71359 182.7682 91.72196 91.72458
416 91.01748 181.3825 271.1013 360.1800 448.6247 91.05457 181.4564 91.06289 91.06549
417 90.36503 180.0838 269.1625 357.6072 445.4239 90.40185 180.1572 90.41011 90.41269
418 89.71879 178.7975 267.2422 355.0589 442.2535 89.75535 178.8704 89.76355 89.76612
419 89.07871 177.5234 265.3401 352.5347 439.1131 89.11501 177.5957 89.12315 89.12569
420 88.44470 176.2614 263.4560 350.0344 436.0024 88.48074 176.3332 88.48882 88.49135
421 87.81669 175.0113 261.5897 347.5577 432.9209 87.85247 175.0826 87.86050 87.86301
422 87.19461 173.7730 259.7410 345.1043 429.8685 87.23014 173.8438 87.23811 87.24060
423 86.57840 172.5464 257.9096 342.6739 426.8447 86.61368 172.6167 86.62159 86.62406
424 85.96797 171.3313 256.0955 340.2663 423.8491 86.00300 171.4011 86.01086 86.01332
425 85.36328 170.1275 254.2983 337.8812 420.8816 85.39806 170.1968 85.40586 85.40830
426 84.76424 168.9350 252.5179 335.5183 417.9417 84.79878 169.0039 84.80652 84.80895
427 84.17079 167.7537 250.7541 333.1774 415.0291 84.20509 167.8220 84.21278 84.21519
428 83.58287 166.5833 249.0066 330.8583 412.1434 83.61693 166.6512 83.62457 83.62695
429 83.00041 165.4238 247.2754 328.5606 409.2845 83.03423 165.4912 83.04182 83.04419
430 82.42335 164.2750 245.5602 326.2841 406.4520 82.45694 164.3419 82.46447 82.46683
431 81.85163 163.1368 243.8608 324.0286 403.6455 81.88498 163.2033 81.89246 81.89480
432 81.28518 162.0091 242.1770 321.7939 400.8649 81.31831 162.0752 81.32574 81.32806
433 80.72395 160.8918 240.5087 319.5797 398.1097 80.75685 160.9574 80.76422 80.76653
434 80.16788 159.7848 238.8557 317.3857 395.3797 80.20054 159.8499 80.20787 80.21016
435 79.61690 158.6878 237.2178 315.2118 392.6746 79.64934 158.7525 79.65661 79.65889
436 79.07095 157.6009 235.5949 313.0577 389.9941 79.10317 157.6652 79.11040 79.11266
437 78.52999 156.5239 233.9867 310.9231 387.3379 78.56199 156.5877 78.56917 78.57141
438 77.99395 155.4567 232.3931 308.8080 384.7059 78.02573 155.5201 78.03286 78.03509
439 77.46278 154.3992 230.8140 306.7119 382.0976 77.49434 154.4621 77.50142 77.50363
440 76.93642 153.3512 229.2491 304.6348 379.5128 76.96777 153.4137 76.97480 76.97700
441 76.41481 152.3127 227.6984 302.5764 376.9513 76.44595 152.3748 76.45294 76.45512
442 75.89792 151.2836 226.1616 300.5365 374.4129 75.92884 151.3452 75.93578 75.93795
443 75.38567 150.2637 224.6386 298.5149 371.8971 75.41639 150.3249 75.42328 75.42543
444 74.87802 149.2529 223.1293 296.5114 369.4038 74.90854 149.3138 74.91538 74.91752
445 74.37492 148.2512 221.6334 294.5258 366.9328 74.40523 148.3117 74.41203 74.41415
446 73.87632 147.2585 220.1509 292.5579 364.4838 73.90643 147.3185 73.91318 73.91529
447 73.38217 146.2746 218.6816 290.6075 362.0565 73.41207 146.3342 73.41878 73.42087
448 72.89241 145.2994 217.2253 288.6743 359.6507 72.92211 145.3586 72.92877 72.93086
449 72.40700 144.3329 215.7819 286.7583 357.2662 72.43651 144.3917 72.44312 72.44519
450 71.92589 143.3749 214.3513 284.8592 354.9027 71.95520 143.4334 71.96177 71.96383
451 71.44904 142.4254 212.9333 282.9768 352.5600 71.47815 142.4835 71.48468 71.48672
452 70.97639 141.4843 211.5278 281.1110 350.2379 71.00531 141.5419 71.01179 71.01382
453 70.50790 140.5514 210.1346 279.2616 347.9362 70.53663 140.6087 70.54307 70.54508
454 70.04352 139.6267 208.7537 277.4283 345.6546 70.07206 139.6836 70.07846 70.08046
455 69.58321 138.7101 207.3848 275.6110 343.3928 69.61157 138.7667 69.61793 69.61991
456 69.12693 137.8016 206.0278 273.8096 341.1508 69.15510 137.8577 69.16142 69.16339
457 68.67463 136.9009 204.6827 272.0239 338.9282 68.70261 136.9567 68.70889 68.71085
458 68.22626 136.0081 203.3492 270.2536 336.7249 68.25406 136.0635 68.26030 68.26225
459 67.78179 135.1230 202.0273 268.4987 334.5407 67.80941 135.1780 67.81561 67.81754
460 67.34118 134.2455 200.7169 266.7589 332.3753 67.36862 134.3002 67.37477 67.37669
461 66.90437 133.3757 199.4177 265.0341 330.2286 66.93163 133.4300 66.93775 66.93966
462 66.47133 132.5134 198.1298 263.3242 328.1003 66.49842 132.5674 66.50449 66.50639
463 66.04202 131.6584 196.8529 261.6289 325.9902 66.06893 131.7121 66.07497 66.07686
464 65.61640 130.8108 195.5869 259.9482 323.8982 65.64314 130.8641 65.64914 65.65101
465 65.19443 129.9705 194.3318 258.2818 321.8241 65.22100 130.0235 65.22696 65.22882
466 64.77607 129.1374 193.0874 256.6297 319.7676 64.80247 129.1900 64.80839 64.81024
467 64.36129 128.3113 191.8536 254.9916 317.7287 64.38751 128.3636 64.39340 64.39523
468 63.95003 127.4923 190.6303 253.3674 315.7070 63.97609 127.5443 63.98194 63.98376
469 63.54228 126.6803 189.4174 251.7570 313.7024 63.56817 126.7319 63.57398 63.57579
470 63.13798 125.8751 188.2147 250.1602 311.7148 63.16371 125.9264 63.16948 63.17128
471 62.73710 125.0767 187.0222 248.5768 309.7440 62.76267 125.1277 62.76840 62.77019
472 62.33961 124.2851 185.8397 247.0069 307.7897 62.36502 124.3357 62.37071 62.37249
473 61.94548 123.5001 184.6672 245.4501 305.8518 61.97072 123.5505 61.97638 61.97815
474 61.55465 122.7218 183.5046 243.9063 303.9301 61.57974 122.7718 61.58536 61.58712
475 61.16711 121.9499 182.3517 242.3755 302.0246 61.19204 121.9996 61.19763 61.19937
476 60.78282 121.1845 181.2084 240.8574 300.1349 60.80758 121.2339 60.81314 60.81488
477 60.40173 120.4256 180.0746 239.3521 298.2609 60.42635 120.4746 60.43187 60.43359
478 60.02383 119.6729 178.9503 237.8592 296.4025 60.04829 119.7217 60.05377 60.05549
479 59.64907 118.9265 177.8354 236.3787 294.5596 59.67338 118.9750 59.67883 59.68053
480 59.27743 118.1863 176.7296 234.9105 292.7318 59.30158 118.2344 59.30700 59.30869
481 58.90886 117.4522 175.6331 233.4544 290.9192 58.93287 117.5001 58.93825 58.93993
482 58.54335 116.7242 174.5455 232.0103 289.1215 58.56720 116.7718 58.57255 58.57423
483 58.18085 116.0022 173.4670 230.5781 287.3386 58.20456 116.0495 58.20988 58.21154
484 57.82134 115.2861 172.3973 229.1577 285.5703 57.84490 115.3331 57.85019 57.85184
485 57.46479 114.5759 171.3364 227.7489 283.8164 57.48820 114.6226 57.49345 57.49510
486 57.11116 113.8716 170.2841 226.3517 282.0770 57.13443 113.9180 57.13965 57.14128
487 56.76042 113.1730 169.2405 224.9658 280.3517 56.78355 113.2191 56.78874 56.79036
488 56.41256 112.4801 168.2054 223.5912 278.6404 56.43554 112.5259 56.44070 56.44231
489 56.06753 111.7928 167.1787 222.2279 276.9431 56.09037 111.8384 56.09550 56.09710
490 55.72530 111.1112 166.1603 220.8755 275.2595 55.74801 111.1564 55.75310 55.75470
491 55.38586 110.4350 165.1502 219.5342 273.5895 55.40843 110.4800 55.41349 55.41507
492 55.04917 109.7644 164.1483 218.2036 271.9330 55.07160 109.8091 55.07663 55.07820
493 54.71520 109.0991 163.1545 216.8838 270.2898 54.73750 109.1436 54.74250 54.74406
494 54.38393 108.4393 162.1686 215.5746 268.6599 54.40609 108.4834 54.41106 54.41261
495 54.05532 107.7847 161.1907 214.2760 267.0430 54.07735 107.8286 54.08229 54.08384
496 53.72936 107.1354 160.2206 212.9877 265.4391 53.75126 107.1790 53.75617 53.75770
497 53.40602 106.4913 159.2583 211.7098 263.8480 53.42778 106.5347 53.43266 53.43419
498 53.08526 105.8523 158.3037 210.4420 262.2696 53.10689 105.8955 53.11174 53.11326
499 52.76707 105.2185 157.3568 209.1844 260.7038 52.78857 105.2614 52.79339 52.79490
500 52.45141 104.5897 156.4173 207.9367 259.1504 52.47279 104.6323 52.47758 52.47908
501 52.13827 103.9659 155.4853 206.6990 257.6093 52.15952 104.0083 52.16428 52.16577
502 51.82762 103.3470 154.5607 205.4710 256.0804 51.84873 103.3892 51.85347 51.85495
503 51.51942 102.7331 153.6434 204.2528 254.5636 51.54042 102.7750 51.54513 51.54660
504 51.21367 102.1240 152.7334 203.0442 253.0588 51.23454 102.1656 51.23922 51.24068
505 50.91033 101.5197 151.8305 201.8451 251.5657 50.93108 101.5611 50.93573 50.93719
506 50.60939 100.9202 150.9348 200.6554 250.0845 50.63001 100.9613 50.63463 50.63608
507 50.31081 100.3254 150.0460 199.4751 248.6148 50.33131 100.3663 50.33590 50.33734
508 50.01457 99.73522 149.1643 198.3040 247.1566 50.03495 99.77587 50.03952 50.04095
509 49.72066 99.14969 148.2894 197.1420 245.7098 49.74092 99.19010 49.74546 49.74688
510 49.42904 98.56874 147.4213 195.9891 244.2742 49.44918 98.60890 49.45370 49.45511
511 49.13970 97.99231 146.5601 194.8452 242.8498 49.15972 98.03224 49.16421 49.16562
512 48.85261 97.42037 145.7055 193.7101 241.4365 48.87252 97.46007 48.87698 48.87838
513 48.56776 96.85287 144.8575 192.5839 240.0341 48.58755 96.89234 48.59199 48.59337
514 48.28511 96.28977 144.0161 191.4664 238.6426 48.30479 96.32901 48.30920 48.31058
515 48.00466 95.73103 143.1813 190.3575 237.2618 48.02422 95.77004 48.02861 48.02998
516 47.72637 95.17660 142.3528 189.2571 235.8916 47.74582 95.21538 47.75018 47.75154
517 47.45023 94.62644 141.5308 188.1652 234.5320 47.46956 94.66500 47.47390 47.47526
518 47.17622 94.08052 140.7150 187.0817 233.1827 47.19544 94.11886 47.19975 47.20110
519 46.90431 93.53879 139.9055 186.0065 231.8439 46.92342 93.57691 46.92771 46.92905
520 46.63448 93.00121 139.1022 184.9396 230.5152 46.65349 93.03911 46.65775 46.65908
521 46.36673 92.46774 138.3051 183.8807 229.1967 46.38562 92.50542 46.38986 46.39118
522 46.10101 91.93834 137.5140 182.8300 227.8882 46.11980 91.97581 46.12401 46.12533
523 45.83733 91.41298 136.7289 181.7872 226.5897 45.85601 91.45023 45.86020 45.86151
524 45.57565 90.89161 135.9499 180.7523 225.3010 45.59422 90.92865 45.59839 45.59969
525 45.31596 90.37420 135.1767 179.7253 224.0220 45.33443 90.41103 45.33857 45.33986
526 45.05824 89.86071 134.4093 178.7061 222.7527 45.07660 89.89733 45.08072 45.08201
527 44.80247 89.35110 133.6478 177.6945 221.4930 44.82073 89.38751 44.82482 44.82610
528 44.54863 88.84534 132.8920 176.6905 220.2428 44.56678 88.88154 44.57086 44.57213
529 44.29671 88.34339 132.1419 175.6942 219.0020 44.31476 88.37939 44.31881 44.32007
530 44.04668 87.84521 131.3974 174.7052 217.7704 44.06463 87.88101 44.06865 44.06991
531 43.79853 87.35077 130.6586 173.7237 216.5481 43.81638 87.38636 43.82038 43.82163
532 43.55224 86.86003 129.9252 172.7496 215.3349 43.56999 86.89543 43.57397 43.57521
533 43.30779 86.37297 129.1973 171.7827 214.1308 43.32544 86.40816 43.32940 43.33064
534 43.06517 85.88954 128.4749 170.8230 212.9356 43.08272 85.92453 43.08666 43.08789
535 42.82436 85.40970 127.7578 169.8704 211.7493 42.84181 85.44451 42.84573 42.84695
536 42.58534 84.93344 127.0461 168.9249 210.5718 42.60270 84.96805 42.60659 42.60780
537 42.34810 84.46071 126.3396 167.9864 209.4030 42.36535 84.49513 42.36923 42.37044
538 42.11261 83.99149 125.6383 167.0549 208.2428 42.12977 84.02571 42.13362 42.13483
539 41.87887 83.52573 124.9423 166.1302 207.0912 41.89594 83.55976 41.89976 41.90096
540 41.64686 83.06341 124.2513 165.2124 205.9481 41.66383 83.09725 41.66763 41.66882
541 41.41655 82.60449 123.5655 164.3012 204.8134 41.43343 82.63815 41.43721 41.43840
542 41.18794 82.14895 122.8847 163.3968 203.6870 41.20472 82.18243 41.20849 41.20967
543 40.96101 81.69675 122.2089 162.4990 202.5688 40.97770 81.73004 40.98144 40.98262
544 40.73574 81.24787 121.5380 161.6078 201.4588 40.75234 81.28098 40.75607 40.75723
545 40.51213 80.80227 120.8720 160.7231 200.3569 40.52863 80.83519 40.53234 40.53349
546 40.29014 80.35992 120.2109 159.8448 199.2630 40.30656 80.39266 40.31024 40.31139
547 40.06978 79.92079 119.5546 158.9729 198.1771 40.08610 79.95336 40.08977 40.09091
548 39.85102 79.48486 118.9031 158.1073 197.0990 39.86725 79.51725 39.87090 39.87204
549 39.63384 79.05209 118.2563 157.2480 196.0288 39.64999 79.08430 39.65362 39.65475
550 39.41825 78.62246 117.6142 156.3950 194.9663 39.43431 78.65450 39.43791 39.43904
551 39.20421 78.19594 116.9767 155.5480 193.9114 39.22019 78.22780 39.22377 39.22489
552 38.99172 77.77249 116.3438 154.7072 192.8642 39.00761 77.80418 39.01118 39.01229
553 38.78077 77.35210 115.7155 153.8725 191.8245 38.79657 77.38362 38.80011 38.80122
554 38.57133 76.93473 115.0917 153.0437 190.7922 38.58705 76.96608 38.59057 38.59168
555 38.36340 76.52036 114.4724 152.2209 189.7673 38.37903 76.55154 38.38254 38.38363
556 38.15696 76.10896 113.8575 151.4039 188.7498 38.17251 76.13997 38.17600 38.17709
557 37.95200 75.70050 113.2470 150.5928 187.7395 37.96746 75.73135 37.97093 37.97202
558 37.74850 75.29496 112.6408 149.7875 186.7364 37.76389 75.32564 37.76733 37.76841
559 37.54646 74.89231 112.0390 148.9879 185.7405 37.56176 74.92283 37.56519 37.56626
560 37.34586 74.49253 111.4414 148.1940 184.7516 37.36107 74.52289 37.36449 37.36555
561 37.14668 74.09559 110.8481 147.4057 183.7697 37.16181 74.12578 37.16521 37.16627
562 36.94891 73.70147 110.2590 146.6230 182.7948 36.96397 73.73150 36.96735 36.96840
563 36.75255 73.31013 109.6741 145.8459 181.8267 36.76753 73.34000 36.77089 36.77194
564 36.55758 72.92156 109.0933 145.0742 180.8655 36.57247 72.95127 36.57582 36.57686
565 36.36398 72.53573 108.5166 144.3079 179.9110 36.37880 72.56529 36.38212 36.38316
566 36.17175 72.15262 107.9439 143.5471 178.9633 36.18649 72.18202 36.18979 36.19083
567 35.98087 71.77220 107.3753 142.7915 178.0222 35.99553 71.80144 35.99882 35.99985
568 35.79133 71.39445 106.8107 142.0413 177.0877 35.80591 71.42354 35.80919 35.81021
569 35.60312 71.01935 106.2500 141.2963 176.1597 35.61763 71.04829 35.62088 35.62190
570 35.41623 70.64687 105.6932 140.5566 175.2382 35.43066 70.67565 35.43390 35.43491
571 35.23064 70.27699 105.1403 139.8219 174.3230 35.24500 70.30562 35.24822 35.24922
572 35.04635 69.90969 104.5913 139.0924 173.4143 35.06063 69.93817 35.06383 35.06483
573 34.86334 69.54494 104.0461 138.3680 172.5119 34.87754 69.57328 34.88073 34.88173
574 34.68160 69.18272 103.5046 137.6485 171.6157 34.69573 69.21092 34.69890 34.69989
575 34.50112 68.82302 102.9669 136.9341 170.7257 34.51518 68.85107 34.51834 34.51932
576 34.32190 68.46581 102.4330 136.2246 169.8418 34.33588 68.49371 34.33902 34.34000
577 34.14391 68.11106 101.9027 135.5200 168.9641 34.15782 68.13882 34.16094 34.16192
578 33.96715 67.75876 101.3760 134.8202 168.0924 33.98099 67.78637 33.98410 33.98507
579 33.79161 67.40889 100.8530 134.1252 167.2266 33.80538 67.43636 33.80847 33.80943
580 33.61728 67.06142 100.3336 133.4350 166.3668 33.63098 67.08875 33.63405 33.63501
581 33.44414 66.71633 99.81775 132.7496 165.5129 33.45777 66.74352 33.46083 33.46178
582 33.27219 66.37361 99.30543 132.0688 164.6649 33.28575 66.40066 33.28879 33.28974
583 33.10142 66.03323 98.79660 131.3927 163.8226 33.11491 66.06014 33.11793 33.11888
584 32.93181 65.69518 98.29124 130.7211 162.9860 32.94523 65.72195 32.94824 32.94918
585 32.76337 65.35943 97.78933 130.0542 162.1551 32.77672 65.38606 32.77971 32.78065
586 32.59606 65.02596 97.29082 129.3918 161.3299 32.60935 65.05246 32.61232 32.61326
587 32.42990 64.69476 96.79570 128.7338 160.5102 32.44311 64.72112 32.44608 32.44700
588 32.26486 64.36580 96.30393 128.0804 159.6961 32.27801 64.39203 32.28096 32.28188
589 32.10094 64.03907 95.81549 127.4313 158.8875 32.11402 64.06517 32.11696 32.11787
590 31.93813 63.71455 95.33034 126.7866 158.0844 31.95114 63.74051 31.95406 31.95498
591 31.77642 63.39221 94.84847 126.1463 157.2866 31.78937 63.41805 31.79227 31.79318
592 31.61580 63.07205 94.36984 125.5102 156.4942 31.62868 63.09775 31.63157 31.63247
593 31.45625 62.75404 93.89442 124.8784 155.7072 31.46907 62.77961 31.47195 31.47285
594 31.29779 62.43816 93.42219 124.2509 154.9254 31.31054 62.46361 31.31340 31.31429
595 31.14038 62.12440 92.95312 123.6276 154.1488 31.15307 62.14972 31.15591 31.15680
596 30.98403 61.81274 92.48719 123.0084 153.3774 30.99665 61.83793 30.99948 31.00037
597 30.82872 61.50316 92.02436 122.3933 152.6111 30.84128 61.52822 30.84410 30.84498
598 30.67444 61.19565 91.56462 121.7824 151.8499 30.68694 61.22058 30.68975 30.69062
599 30.52120 60.89018 91.10794 121.1755 151.0938 30.53364 60.91499 30.53643 30.53730
600 30.36898 60.58674 90.65428 120.5726 150.3427 30.38135 60.61142 30.38413 30.38499
601 30.21776 60.28531 90.20364 119.9737 149.5966 30.23007 60.30987 30.23284 30.23370
602 30.06755 59.98588 89.75597 119.3788 148.8554 30.07980 60.01032 30.08255 30.08341
603 29.91833 59.68843 89.31127 118.7878 148.1191 29.93052 59.71275 29.93326 29.93411
604 29.77010 59.39294 88.86950 118.2007 147.3876 29.78223 59.41714 29.78495 29.78580
605 29.62284 59.09940 88.43063 117.6175 146.6609 29.63491 59.12348 29.63762 29.63847
606 29.47656 58.80779 87.99465 117.0381 145.9390 29.48857 58.83175 29.49126 29.49210
607 29.33123 58.51809 87.56153 116.4625 145.2219 29.34318 58.54194 29.34587 29.34670
608 29.18686 58.23030 87.13125 115.8906 144.5094 29.19876 58.25403 29.20142 29.20226
609 29.04344 57.94439 86.70379 115.3226 143.8016 29.05527 57.96800 29.05793 29.05876
610 28.90095 57.66035 86.27911 114.7582 143.0984 28.91273 57.68384 28.91537 28.91620
611 28.75940 57.37816 85.85721 114.1974 142.3998 28.77112 57.40154 28.77374 28.77457
612 28.61876 57.09781 85.43805 113.6404 141.7057 28.63043 57.12108 28.63304 28.63386
613 28.47905 56.81928 85.02161 113.0869 141.0161 28.49065 56.84244 28.49325 28.49407
614 28.34024 56.54257 84.60788 112.5371 140.3310 28.35179 56.56561 28.35438 28.35519
615 28.20233 56.26764 84.19683 111.9908 139.6503 28.21382 56.29057 28.21640 28.21720
616 28.06531 55.99450 83.78843 111.4480 138.9740 28.07675 56.01731 28.07931 28.08012
617 27.92918 55.72312 83.38267 110.9087 138.3021 27.94057 55.74583 27.94312 27.94392
618 27.79393 55.45349 82.97953 110.3729 137.6345 27.80526 55.47609 27.80780 27.80859
619 27.65956 55.18560 82.57899 109.8406 136.9712 27.67083 55.20809 27.67335 27.67414
620 27.52604 54.91943 82.18101 109.3116 136.3121 27.53726 54.94181 27.53977 27.54056
621 27.39339 54.65497 81.78559 108.7861 135.6573 27.40455 54.67724 27.40705 27.40784
622 27.26158 54.39220 81.39270 108.2639 135.0067 27.27269 54.41437 27.27518 27.27596
623 27.13062 54.13112 81.00233 107.7451 134.3602 27.14168 54.15318 27.14416 27.14493
624 27.00050 53.87171 80.61445 107.2295 133.7178 27.01150 53.89366 27.01397 27.01474
625 26.87121 53.61395 80.22904 106.7173 133.0795 26.88216 53.63579 26.88461 26.88538
626 26.74274 53.35783 79.84608 106.2083 132.4453 26.75364 53.37957 26.75608 26.75685
627 26.61509 53.10334 79.46556 105.7025 131.8151 26.62593 53.12498 26.62837 26.62913
628 26.48825 52.85047 79.08745 105.2000 131.1889 26.49904 52.87200 26.50146 26.50222
629 26.36222 52.59920 78.71173 104.7006 130.5666 26.37296 52.62063 26.37537 26.37612
630 26.23698 52.34952 78.33839 104.2044 129.9483 26.24767 52.37085 26.25007 26.25082
631 26.11254 52.10141 77.96741 103.7113 129.3339 26.12318 52.12264 26.12556 26.12631
632 25.98888 51.85488 77.59877 103.2213 128.7233 25.99947 51.87601 26.00184 26.00259
633 25.86600 51.60989 77.23245 102.7344 128.1166 25.87654 51.63092 25.87890 25.87964
634 25.74389 51.36645 76.86843 102.2506 127.5137 25.75438 51.38738 25.75674 25.75747
635 25.62256 51.12453 76.50669 101.7698 126.9145 25.63300 51.14537 25.63534 25.63607
636 25.50198 50.88414 76.14722 101.2920 126.3191 25.51237 50.90487 25.51470 25.51543
637 25.38216 50.64524 75.79000 100.8172 125.7275 25.39250 50.66588 25.39482 25.39555
638 25.26309 50.40784 75.43501 100.3453 125.1395 25.27338 50.42838 25.27569 25.27641
639 25.14476 50.17192 75.08223 99.87641 124.5552 25.15500 50.19237 25.15730 25.15802
640 25.02717 49.93748 74.73165 99.41042 123.9745 25.03737 49.95783 25.03965 25.04037
641 24.91031 49.70449 74.38325 98.94732 123.3974 24.92046 49.72474 24.92274 24.92345
642 24.79418 49.47294 74.03701 98.48710 122.8239 24.80428 49.49310 24.80655 24.80725
643 24.67877 49.24284 73.69292 98.02972 122.2539 24.68882 49.26290 24.69108 24.69178
644 24.56407 49.01415 73.35096 97.57517 121.6875 24.57408 49.03413 24.57632 24.57703
645 24.45008 48.78689 73.01110 97.12343 121.1246 24.46005 48.80677 24.46228 24.46298
646 24.33680 48.56102 72.67335 96.67447 120.5651 24.34672 48.58081 24.34894 24.34964
647 24.22422 48.33655 72.33767 96.22828 120.0090 24.23409 48.35624 24.23630 24.23700
648 24.11233 48.11345 72.00406 95.78483 119.4564 24.12215 48.13306 24.12436 24.12505
649 24.00113 47.89173 71.67250 95.34409 118.9072 24.01091 47.91125 24.01310 24.01379
650 23.89061 47.67137 71.34297 94.90606 118.3613 23.90034 47.69080 23.90253 23.90321
651 23.78077 47.45236 71.01545 94.47071 117.8188 23.79046 47.47170 23.79263 23.79331
652 23.67160 47.23469 70.68994 94.03801 117.2796 23.68124 47.25394 23.68340 23.68408
653 23.56309 47.01835 70.36642 93.60796 116.7436 23.57269 47.03751 23.57485 23.57552
654 23.45525 46.80332 70.04486 93.18052 116.2109 23.46481 46.82239 23.46695 23.46762
655 23.34807 46.58961 69.72526 92.75568 115.6815 23.35758 46.60859 23.35972 23.36038
656 23.24154 46.37719 69.40761 92.33342 115.1553 23.25101 46.39609 23.25313 23.25380
657 23.13566 46.16607 69.09188 91.91371 114.6322 23.14508 46.18488 23.14720 23.14786
658 23.03041 45.95622 68.77806 91.49655 114.1123 23.03980 45.97495 23.04190 23.04256
659 22.92581 45.74765 68.46614 91.08191 113.5956 22.93515 45.76629 22.93725 22.93790
660 22.82184 45.54033 68.15610 90.66977 113.0820 22.83114 45.55889 22.83322 22.83387
661 22.71849 45.33427 67.84793 90.26011 112.5714 22.72775 45.35274 22.72983 22.73048
662 22.61577 45.12944 67.54162 89.85292 112.0639 22.62499 45.14783 22.62705 22.62770
663 22.51367 44.92585 67.23715 89.44817 111.5595 22.52284 44.94416 22.52490 22.52554
664 22.41218 44.72348 66.93451 89.04585 111.0581 22.42131 44.74170 22.42336 22.42400
665 22.31130 44.52233 66.63367 88.64594 110.5597 22.32039 44.54047 22.32243 22.32307
666 22.21102 44.32237 66.33464 88.24842 110.0643 22.22008 44.34044 22.22211 22.22274
667 22.11135 44.12362 66.03740 87.85328 109.5718 22.12036 44.14160 22.12238 22.12301
668 22.01227 43.92605 65.74193 87.46049 109.0823 22.02124 43.94395 22.02325 22.02388
669 21.91378 43.72966 65.44822 87.07003 108.5957 21.92271 43.74748 21.92471 21.92534
670 21.81588 43.53444 65.15625 86.68190 108.1120 21.82477 43.55218 21.82676 21.82739
671 21.71856 43.34038 64.86602 86.29607 107.6311 21.72741 43.35804 21.72939 21.73001
672 21.62182 43.14747 64.57752 85.91253 107.1531 21.63063 43.16505 21.63260 21.63322
673 21.52565 42.95570 64.29072 85.53126 106.6779 21.53442 42.97320 21.53639 21.53700
674 21.43005 42.76507 64.00561 85.15224 106.2055 21.43878 42.78249 21.44074 21.44135
675 21.33502 42.57556 63.72219 84.77546 105.7359 21.34371 42.59291 21.34566 21.34627
676 21.24054 42.38717 63.44044 84.40089 105.2691 21.24920 42.40445 21.25114 21.25175
677 21.14663 42.19990 63.16035 84.02853 104.8050 21.15525 42.21709 21.15718 21.15778
678 21.05327 42.01372 62.88190 83.65836 104.3436 21.06185 42.03084 21.06377 21.06437
679 20.96045 41.82864 62.60509 83.29036 103.8850 20.96899 41.84568 20.97091 20.97151
680 20.86818 41.64464 62.32990 82.92451 103.4290 20.87669 41.66161 20.87859 20.87919
681 20.77646 41.46172 62.05633 82.56080 102.9757 20.78492 41.47861 20.78682 20.78741
682 20.68526 41.27987 61.78435 82.19922 102.5250 20.69369 41.29669 20.69558 20.69617
683 20.59461 41.09908 61.51395 81.83974 102.0770 20.60300 41.11583 20.60488 20.60547
684 20.50448 40.91935 61.24514 81.48236 101.6315 20.51283 40.93602 20.51471 20.51529
685 20.41487 40.74066 60.97788 81.12706 101.1887 20.42319 40.75726 20.42506 20.42564
686 20.32579 40.56301 60.71218 80.77381 100.7484 20.33407 40.57954 20.33593 20.33651
687 20.23722 40.38639 60.44802 80.42262 100.3107 20.24547 40.40285 20.24732 20.24790
688 20.14917 40.21080 60.18540 80.07346 99.87549 20.15738 40.22719 20.15922 20.15980
689 20.06163 40.03622 59.92429 79.72632 99.44281 20.06980 40.05254 20.07164 20.07221
690 19.97459 39.86266 59.66469 79.38118 99.01262 19.98273 39.87890 19.98456 19.98513
691 19.88806 39.69009 59.40658 79.03803 98.58491 19.89617 39.70626 19.89798 19.89855
692 19.80203 39.51852 59.14997 78.69685 98.15967 19.81010 39.53462 19.81191 19.81247
693 19.71649 39.34794 58.89482 78.35764 97.73686 19.72453 39.36397 19.72633 19.72689
694 19.63145 39.17833 58.64115 78.02037 97.31648 19.63944 39.19430 19.64124 19.64180
695 19.54689 39.00970 58.38893 77.68504 96.89851 19.55485 39.02560 19.55664 19.55720
696 19.46282 38.84204 58.13815 77.35162 96.48293 19.47075 38.85787 19.47252 19.47308
697 19.37922 38.67533 57.88881 77.02011 96.06972 19.38712 38.69109 19.38889 19.38945
698 19.29611 38.50958 57.64089 76.69049 95.65886 19.30397 38.52528 19.30574 19.30629
699 19.21347 38.34478 57.39438 76.36275 95.25035 19.22130 38.36040 19.22306 19.22361
700 19.13130 38.18091 57.14928 76.03688 94.84416 19.13910 38.19647 19.14085 19.14140
701 19.04961 38.01798 56.90557 75.71285 94.44027 19.05737 38.03347 19.05911 19.05965
702 18.96837 37.85597 56.66325 75.39067 94.03868 18.97610 37.87139 18.97783 18.97838
703 18.88760 37.69488 56.42230 75.07031 93.63936 18.89529 37.71024 18.89702 18.89756
704 18.80728 37.53470 56.18271 74.75176 93.24229 18.81494 37.55000 18.81666 18.81720
705 18.72742 37.37543 55.94448 74.43501 92.84747 18.73505 37.39066 18.73676 18.73730
706 18.64801 37.21706 55.70759 74.12005 92.45488 18.65561 37.23223 18.65731 18.65785
707 18.56905 37.05958 55.47204 73.80687 92.06449 18.57662 37.07468 18.57831 18.57884
708 18.49053 36.90299 55.23782 73.49544 91.67630 18.49807 36.91803 18.49976 18.50029
709 18.41246 36.74728 55.00491 73.18577 91.29029 18.41996 36.76226 18.42164 18.42217
710 18.33482 36.59245 54.77331 72.87783 90.90644 18.34230 36.60736 18.34397 18.34450
711 18.25763 36.43848 54.54301 72.57162 90.52474 18.26506 36.45333 18.26673 18.26726
712 18.18086 36.28538 54.31399 72.26712 90.14518 18.18827 36.30017 18.18993 18.19045
713 18.10452 36.13313 54.08626 71.96432 89.76773 18.11190 36.14786 18.11355 18.11407
714 18.02861 35.98174 53.85980 71.66321 89.39239 18.03596 35.99640 18.03761 18.03812
715 17.95313 35.83119 53.63460 71.36378 89.01914 17.96044 35.84579 17.96208 17.96260
716 17.87806 35.68147 53.41066 71.06602 88.64797 17.88535 35.69601 17.88698 17.88749
717 17.80341 35.53259 53.18796 70.76990 88.27885 17.81067 35.54707 17.81230 17.81280
718 17.72918 35.38454 52.96649 70.47544 87.91178 17.73641 35.39896 17.73803 17.73853
719 17.65536 35.23731 52.74626 70.18260 87.54674 17.66256 35.25167 17.66417 17.66467
720 17.58195 35.09089 52.52724 69.89138 87.18372 17.58911 35.10519 17.59072 17.59122
721 17.50895 34.94529 52.30943 69.60178 86.82271 17.51608 34.95953 17.51768 17.51818
722 17.43634 34.80049 52.09283 69.31377 86.46369 17.44345 34.81467 17.44504 17.44554
723 17.36414 34.65649 51.87742 69.02734 86.10664 17.37122 34.67061 17.37281 17.37330
724 17.29234 34.51328 51.66320 68.74250 85.75155 17.29939 34.52734 17.30097 17.30146
725 17.22094 34.37086 51.45015 68.45921 85.39842 17.22795 34.38486 17.22953 17.23002
726 17.14992 34.22922 51.23828 68.17749 85.04722 17.15691 34.24317 17.15848 17.15897
727 17.07930 34.08836 51.02756 67.89730 84.69795 17.08626 34.10225 17.08782 17.08831
728 17.00906 33.94827 50.81800 67.61865 84.35058 17.01599 33.96210 17.01755 17.01803
729 16.93921 33.80894 50.60959 67.34152 84.00511 16.94611 33.82272 16.94766 16.94814
730 16.86974 33.67038 50.40232 67.06591 83.66153 16.87661 33.68410 16.87815 16.87864
731 16.80065 33.53258 50.19617 66.79179 83.31982 16.80749 33.54624 16.80903 16.80951
732 16.73193 33.39552 49.99115 66.51917 82.97996 16.73875 33.40913 16.74028 16.74076
733 16.66359 33.25922 49.78724 66.24803 82.64195 16.67038 33.27277 16.67190 16.67238
734 16.59562 33.12365 49.58444 65.97836 82.30578 16.60239 33.13715 16.60390 16.60438
735 16.52802 32.98882 49.38274 65.71016 81.97142 16.53476 33.00226 16.53627 16.53674
736 16.46079 32.85471 49.18213 65.44340 81.63888 16.46750 32.86810 16.46900 16.46947
737 16.39392 32.72134 48.98261 65.17809 81.30813 16.40060 32.73467 16.40210 16.40257
738 16.32742 32.58869 48.78416 64.91421 80.97916 16.33407 32.60196 16.33556 16.33603
739 16.26127 32.45675 48.58679 64.65175 80.65197 16.26790 32.46997 16.26938 16.26985
740 16.19548 32.32552 48.39048 64.39070 80.32654 16.20208 32.33869 16.20356 16.20402
741 16.13004 32.19500 48.19522 64.13106 80.00285 16.13661 32.20812 16.13809 16.13855
742 16.06496 32.06518 48.00102 63.87281 79.68091 16.07150 32.07825 16.07297 16.07343
743 16.00022 31.93606 47.80785 63.61595 79.36068 16.00674 31.94907 16.00821 16.00866
744 15.93584 31.80763 47.61572 63.36046 79.04217 15.94233 31.82059 15.94379 15.94424
745 15.87179 31.67989 47.42462 63.10634 78.72537 15.87826 31.69280 15.87971 15.88017
746 15.80809 31.55283 47.23454 62.85357 78.41025 15.81454 31.56569 15.81598 15.81643
747 15.74474 31.42645 47.04548 62.60216 78.09682 15.75115 31.43926 15.75259 15.75304
748 15.68171 31.30074 46.85742 62.35208 77.78505 15.68810 31.31350 15.68954 15.68999
749 15.61903 31.17571 46.67037 62.10333 77.47494 15.62539 31.18841 15.62682 15.62727
750 15.55668 31.05134 46.48430 61.85591 77.16647 15.56302 31.06399 15.56444 15.56488
751 15.49466 30.92763 46.29923 61.60979 76.85964 15.50097 30.94023 15.50239 15.50283
752 15.43297 30.80457 46.11514 61.36499 76.55444 15.43926 30.81712 15.44067 15.44111
753 15.37160 30.68217 45.93202 61.12147 76.25085 15.37787 30.69467 15.37927 15.37971
754 15.31057 30.56041 45.74987 60.87924 75.94886 15.31680 30.57287 15.31820 15.31864
755 15.24985 30.43930 45.56868 60.63830 75.64847 15.25606 30.45171 15.25746 15.25789
756 15.18945 30.31883 45.38845 60.39862 75.34965 15.19564 30.33118 15.19703 15.19747
757 15.12938 30.19899 45.20916 60.16020 75.05241 15.13554 30.21130 15.13692 15.13736
758 15.06962 30.07979 45.03082 59.92303 74.75673 15.07576 30.09204 15.07713 15.07756
759 15.01017 29.96121 44.85342 59.68712 74.46260 15.01629 29.97341 15.01766 15.01809
760 14.95104 29.84325 44.67695 59.45243 74.17002 14.95713 29.85541 14.95849 14.95892
761 14.89221 29.72591 44.50140 59.21898 73.87896 14.89828 29.73802 14.89964 14.90007
762 14.83370 29.60918 44.32677 58.98675 73.58942 14.83974 29.62125 14.84110 14.84152
763 14.77549 29.49307 44.15305 58.75573 73.30140 14.78151 29.50509 14.78286 14.78328
764 14.71758 29.37756 43.98024 58.52591 73.01487 14.72358 29.38953 14.72492 14.72535
765 14.65998 29.26266 43.80833 58.29729 72.72984 14.66595 29.27458 14.66729 14.66771
766 14.60268 29.14835 43.63731 58.06986 72.44629 14.60863 29.16023 14.60996 14.61038
767 14.54567 29.03464 43.46719 57.84361 72.16421 14.55160 29.04647 14.55293 14.55334
768 14.48896 28.92151 43.29794 57.61854 71.88360 14.49487 28.93330 14.49619 14.49661
769 14.43255 28.80898 43.12958 57.39463 71.60443 14.43843 28.82072 14.43975 14.44016
770 14.37643 28.69703 42.96208 57.17188 71.32671 14.38229 28.70872 14.38360 14.38401
771 14.32060 28.58565 42.79545 56.95028 71.05043 14.32643 28.59730 14.32774 14.32815
772 14.26506 28.47486 42.62969 56.72983 70.77557 14.27087 28.48646 14.27217 14.27258
773 14.20980 28.36463 42.46477 56.51051 70.50212 14.21559 28.37619 14.21689 14.21730
774 14.15483 28.25497 42.30071 56.29232 70.23009 14.16060 28.26649 14.16189 14.16230
775 14.10014 28.14588 42.13749 56.07526 69.95945 14.10589 28.15735 14.10718 14.10758
776 14.04574 28.03735 41.97511 55.85930 69.69020 14.05146 28.04877 14.05274 14.05315
777 13.99161 27.92937 41.81357 55.64446 69.42232 13.99731 27.94076 13.99859 13.99899
778 13.93776 27.82195 41.65285 55.43071 69.15582 13.94344 27.83329 13.94472 13.94511
779 13.88419 27.71508 41.49295 55.21806 68.89069 13.88985 27.72638 13.89112 13.89151
780 13.83089 27.60876 41.33387 55.00650 68.62690 13.83653 27.62001 13.83779 13.83819
781 13.77787 27.50298 41.17560 54.79601 68.36446 13.78348 27.51419 13.78474 13.78513
782 13.72511 27.39774 41.01814 54.58660 68.10336 13.73070 27.40890 13.73196 13.73235
783 13.67263 27.29303 40.86149 54.37825 67.84359 13.67820 27.30415 13.67945 13.67984
784 13.62041 27.18886 40.70562 54.17096 67.58513 13.62596 27.19994 13.62720 13.62759
785 13.56845 27.08522 40.55056 53.96473 67.32799 13.57398 27.09625 13.57522 13.57561
786 13.51676 26.98210 40.39627 53.75954 67.07215 13.52227 26.99310 13.52351 13.52389
787 13.46534 26.87951 40.24277 53.55538 66.81760 13.47082 26.89046 13.47205 13.47244
788 13.41417 26.77743 40.09005 53.35226 66.56434 13.41964 26.78835 13.42086 13.42125
789 13.36326 26.67588 39.93809 53.15017 66.31236 13.36871 26.68675 13.36993 13.37031
790 13.31261 26.57483 39.78691 52.94910 66.06165 13.31804 26.58566 13.31925 13.31963
791 13.26222 26.47430 39.63648 52.74904 65.81220 13.26762 26.48508 13.26883 13.26921
792 13.21208 26.37427 39.48682 52.54998 65.56400 13.21746 26.38501 13.21867 13.21905
793 13.16219 26.27474 39.33790 52.35193 65.31706 13.16755 26.28545 13.16876 13.16913
794 13.11255 26.17572 39.18974 52.15487 65.07135 13.11789 26.18638 13.11909 13.11947
795 13.06316 26.07719 39.04232 51.95879 64.82687 13.06849 26.08781 13.06968 13.07005
796 13.01402 25.97915 38.89563 51.76370 64.58361 13.01933 25.98974 13.02052 13.02089
797 12.96513 25.88161 38.74968 51.56959 64.34157 12.97041 25.89215 12.97160 12.97197
798 12.91648 25.78455 38.60446 51.37644 64.10074 12.92174 25.79506 12.92292 12.92329
799 12.86807 25.68798 38.45996 51.18426 63.86111 12.87332 25.69845 12.87449 12.87486
800 12.81991 25.59189 38.31619 50.99303 63.62267 12.82513 25.60232 12.82630 12.82667